#U N I
310 11410 0.1
320 11766 0.1
330 11952 0.1
340 11761 0.1
350 11949 0.2
360 11982 0.2
370 12144 0.2
380 12030 0.3
390 12125 0.3
400 12157 0.3
410 12268 0.3
420 12253 0.4
430 12333 0.4
440 12210 0.4
450 12216 0.4
460 12407 0.5
470 12460 0.5
480 12233 0.5
490 12305 0.6
500 12337 0.6
510 12340 0.6
520 12421 0.6
530 12491 0.7
540 12416 0.7
550 12417 0.7
560 12245 0.7
570 12518 0.8
580 12423 0.8
590 12323 0.8
600 12614 0.8
610 12270 0.9
620 12532 1.0
630 12654 1.0
640 12409 1.0
650 12673 1.0
660 12771 1.0
670 12788 1.0
680 13039 1.1
690 12843 1.1
700 13242 1.2